"0","#write.csv(Rotated_Factors_thres, file = ""Rotated_Factors_thres.csv"")"
"0",""
